COUNTYFP,NEVER,RARELY,SOMETIMES,FREQUENTLY,ALWAYS
01001,0.053,0.074,0.134,0.295,0.444
01003,0.083,0.059,0.098,0.323,0.436
01005,0.067,0.121,0.12,0.201,0.491
01007,0.02,0.034,0.096,0.278,0.572
01009,0.053,0.114,0.18,0.194,0.459
01011,0.031,0.04,0.144,0.286,0.5
01013,0.102,0.053,0.257,0.137,0.451
01015,0.152,0.108,0.13,0.167,0.442
01017,0.117,0.037,0.15,0.136,0.56
01019,0.135,0.027,0.161,0.158,0.52
01021,0.06,0.07,0.058,0.194,0.618
01023,0.049,0.038,0.126,0.219,0.568
01025,0.049,0.088,0.164,0.268,0.43
01027,0.148,0.158,0.195,0.169,0.329
01029,0.151,0.125,0.138,0.217,0.368
01031,0.101,0.152,0.094,0.186,0.466
01033,0.082,0.096,0.152,0.159,0.51
01035,0.099,0.052,0.259,0.192,0.399
01037,0.055,0.131,0.167,0.263,0.384
01039,0.187,0.128,0.129,0.201,0.356
01041,0.06,0.091,0.199,0.233,0.416
01043,0.13,0.024,0.249,0.217,0.379
01045,0.089,0.113,0.118,0.22,0.46
01047,0.095,0.1,0.159,0.122,0.524
01049,0.084,0.051,0.106,0.179,0.58
01051,0.042,0.095,0.127,0.252,0.485
01053,0.114,0.026,0.188,0.285,0.387
01055,0.096,0.103,0.178,0.122,0.501
01057,0.138,0.048,0.151,0.233,0.429
01059,0.065,0.071,0.223,0.156,0.484
01061,0.176,0.131,0.089,0.158,0.445
01063,0.03,0.053,0.127,0.167,0.623
01065,0.026,0.061,0.084,0.191,0.639
01067,0.066,0.068,0.17,0.258,0.438
01069,0.085,0.079,0.135,0.268,0.433
01071,0.092,0.089,0.11,0.249,0.46
01073,0.049,0.037,0.107,0.179,0.628
01075,0.107,0.045,0.132,0.189,0.527
01077,0.093,0.119,0.141,0.179,0.469
01079,0.162,0.08,0.088,0.251,0.419
01081,0.053,0.064,0.138,0.183,0.562
01083,0.102,0.034,0.133,0.336,0.395
01085,0.12,0.073,0.145,0.199,0.464
01087,0.008,0.033,0.241,0.172,0.545
01089,0.062,0.05,0.123,0.177,0.589
01091,0.033,0.151,0.118,0.186,0.512
01093,0.129,0.064,0.246,0.207,0.353
01095,0.075,0.064,0.129,0.253,0.479
01097,0.077,0.07,0.102,0.244,0.506
01099,0.112,0.041,0.182,0.288,0.378
01101,0.056,0.095,0.123,0.212,0.513
01103,0.078,0.077,0.082,0.304,0.459
01105,0.025,0.084,0.087,0.187,0.618
01107,0.031,0.06,0.169,0.157,0.584
01109,0.06,0.131,0.145,0.333,0.33
01111,0.158,0.226,0.105,0.144,0.368
01113,0.069,0.067,0.08,0.213,0.57
01115,0.027,0.134,0.144,0.2,0.495
01117,0.022,0.075,0.118,0.24,0.545
01119,0.055,0.068,0.118,0.197,0.562
01121,0.113,0.15,0.208,0.169,0.361
01123,0.067,0.095,0.136,0.296,0.406
01125,0.041,0.036,0.144,0.247,0.532
01127,0.09,0.081,0.145,0.256,0.429
01129,0.018,0.077,0.102,0.307,0.495
01131,0.061,0.098,0.199,0.187,0.455
01133,0.13,0.046,0.328,0.183,0.312
02013,0.067,0.032,0.034,0.316,0.551
02016,0.078,0.031,0.03,0.337,0.524
02020,0.042,0.05,0.049,0.196,0.663
02050,0.101,0.022,0.014,0.45,0.413
02060,0.048,0.037,0.042,0.308,0.564
02068,0.062,0.081,0.067,0.225,0.565
02070,0.072,0.025,0.027,0.391,0.484
02090,0.094,0.084,0.175,0.234,0.413
02100,0.055,0.05,0.123,0.419,0.352
02105,0.051,0.064,0.13,0.399,0.356
02110,0.051,0.067,0.133,0.396,0.353
02122,0.043,0.047,0.051,0.197,0.662
02130,0.025,0.149,0.174,0.256,0.396
02150,0.042,0.043,0.049,0.233,0.633
02158,0.103,0.022,0.007,0.521,0.347
02164,0.055,0.036,0.04,0.299,0.571
02170,0.042,0.051,0.048,0.198,0.66
02180,0.086,0.061,0.009,0.544,0.3
02185,0.036,0.059,0.235,0.215,0.455
02188,0.035,0.188,0.051,0.474,0.252
02195,0.042,0.095,0.148,0.349,0.365
02198,0.033,0.125,0.161,0.3,0.38
02220,0.048,0.077,0.137,0.381,0.357
02230,0.058,0.038,0.116,0.435,0.354
02240,0.064,0.071,0.14,0.272,0.453
02261,0.04,0.049,0.052,0.197,0.663
02275,0.035,0.119,0.16,0.312,0.374
02282,0.047,0.012,0.078,0.381,0.481
02290,0.044,0.047,0.126,0.425,0.358
04001,0.055,0.063,0.031,0.15,0.701
04003,0.053,0.025,0.147,0.194,0.581
04005,0.039,0.08,0.07,0.11,0.702
04007,0.073,0.014,0.03,0.336,0.547
04009,0.095,0.067,0.237,0.049,0.553
04011,0.111,0.089,0.167,0.089,0.544
04012,0.031,0.064,0.162,0.173,0.57
04013,0.023,0.025,0.059,0.158,0.734
04015,0.051,0.096,0.104,0.164,0.585
04017,0.091,0.108,0.059,0.139,0.602
04019,0.023,0.024,0.073,0.121,0.759
04021,0.033,0.055,0.096,0.148,0.667
04023,0.028,0.002,0.058,0.074,0.837
04025,0.031,0.073,0.081,0.176,0.639
04027,0.008,0.013,0.046,0.129,0.804
05001,0.019,0.073,0.134,0.216,0.557
05003,0.023,0.103,0.163,0.117,0.595
05005,0.15,0.104,0.108,0.104,0.534
05007,0.081,0.034,0.083,0.16,0.643
05009,0.129,0.145,0.122,0.189,0.416
05011,0.094,0.102,0.175,0.184,0.445
05013,0.145,0.132,0.108,0.211,0.404
05015,0.111,0.068,0.115,0.129,0.577
05017,0.104,0.074,0.193,0.097,0.531
05019,0.08,0.091,0.08,0.231,0.518
05021,0.082,0.124,0.157,0.242,0.395
05023,0.036,0.065,0.093,0.259,0.546
05025,0.107,0.03,0.16,0.231,0.472
05027,0.241,0.072,0.054,0.25,0.383
05029,0.071,0.12,0.137,0.347,0.325
05031,0.078,0.123,0.138,0.341,0.32
05033,0.155,0.1,0.167,0.211,0.367
05035,0.059,0.017,0.11,0.306,0.508
05037,0.097,0.017,0.163,0.319,0.404
05039,0.197,0.055,0.093,0.196,0.459
05041,0.078,0.033,0.19,0.189,0.509
05043,0.063,0.049,0.207,0.159,0.523
05045,0.066,0.027,0.077,0.403,0.426
05047,0.149,0.079,0.245,0.187,0.34
05049,0.105,0.121,0.226,0.197,0.351
05051,0.025,0.102,0.068,0.21,0.596
05053,0.082,0.043,0.127,0.258,0.489
05055,0.062,0.141,0.154,0.346,0.297
05057,0.098,0.073,0.096,0.179,0.554
05059,0.059,0.086,0.079,0.216,0.56
05061,0.081,0.07,0.145,0.145,0.56
05063,0.137,0.156,0.088,0.179,0.44
05065,0.086,0.121,0.133,0.23,0.43
05067,0.116,0.103,0.135,0.179,0.468
05069,0.042,0.036,0.172,0.173,0.577
05071,0.144,0.103,0.205,0.221,0.328
05073,0.12,0.082,0.078,0.234,0.486
05075,0.085,0.128,0.153,0.298,0.337
05077,0.103,0.032,0.195,0.263,0.407
05079,0.035,0.016,0.194,0.201,0.554
05081,0.074,0.121,0.106,0.201,0.499
05083,0.148,0.11,0.12,0.143,0.479
05085,0.048,0.045,0.136,0.297,0.474
05087,0.075,0.088,0.159,0.114,0.564
05089,0.171,0.112,0.119,0.108,0.49
05091,0.064,0.124,0.106,0.219,0.487
05093,0.033,0.109,0.134,0.284,0.44
05095,0.068,0.128,0.127,0.271,0.406
05097,0.081,0.095,0.136,0.166,0.521
05099,0.143,0.048,0.084,0.224,0.501
05101,0.107,0.14,0.084,0.261,0.408
05103,0.151,0.097,0.06,0.242,0.449
05105,0.098,0.051,0.08,0.367,0.404
05107,0.052,0.061,0.134,0.276,0.477
05109,0.064,0.061,0.2,0.176,0.501
05111,0.077,0.098,0.141,0.287,0.397
05113,0.18,0.08,0.217,0.076,0.446
05115,0.082,0.151,0.181,0.285,0.302
05117,0.062,0.17,0.103,0.273,0.391
05119,0.028,0.027,0.126,0.175,0.644
05121,0.051,0.145,0.203,0.289,0.311
05123,0.087,0.007,0.289,0.267,0.35
05125,0.066,0.044,0.154,0.212,0.524
05127,0.155,0.14,0.124,0.123,0.458
05129,0.1,0.088,0.125,0.149,0.538
05131,0.121,0.142,0.157,0.208,0.372
05133,0.12,0.093,0.155,0.165,0.467
05135,0.067,0.158,0.22,0.222,0.333
05137,0.067,0.092,0.11,0.234,0.498
05139,0.116,0.179,0.098,0.262,0.344
05141,0.033,0.06,0.096,0.272,0.539
05143,0.034,0.028,0.101,0.186,0.651
05145,0.026,0.054,0.152,0.277,0.491
05147,0.059,0.048,0.208,0.231,0.454
05149,0.116,0.1,0.112,0.198,0.474
06001,0.019,0.008,0.055,0.123,0.795
06003,0.025,0.085,0.088,0.19,0.612
06005,0.045,0.013,0.099,0.188,0.655
06007,0.015,0.043,0.111,0.204,0.626
06009,0.045,0.019,0.098,0.276,0.562
06011,0.027,0.031,0.092,0.151,0.7
06013,0.018,0.016,0.039,0.121,0.806
06015,0.01,0.135,0.112,0.196,0.547
06017,0.028,0.042,0.072,0.183,0.675
06019,0.021,0.022,0.059,0.156,0.741
06021,0.028,0.026,0.146,0.206,0.594
06023,0.042,0.006,0.018,0.069,0.865
06025,0.001,0.005,0.03,0.128,0.836
06027,0.033,0.011,0.008,0.058,0.889
06029,0.022,0.028,0.105,0.177,0.668
06031,0.075,0.016,0.049,0.094,0.766
06033,0.003,0.004,0.007,0.136,0.849
06035,0.064,0.068,0.162,0.225,0.482
06037,0.021,0.013,0.049,0.131,0.786
06039,0.019,0.059,0.048,0.124,0.751
06041,0.011,0,0.046,0.141,0.802
06043,0.01,0.094,0.049,0.186,0.661
06045,0.002,0.003,0.004,0.222,0.77
06047,0.026,0.036,0.089,0.146,0.703
06049,0.068,0.019,0.095,0.204,0.615
06051,0.011,0.026,0.012,0.07,0.88
06053,0.023,0.006,0.066,0.141,0.763
06055,0.017,0.026,0.033,0.149,0.773
06057,0.003,0.054,0.084,0.177,0.682
06059,0.023,0.021,0.046,0.156,0.754
06061,0.012,0.023,0.072,0.201,0.693
06063,0.063,0.067,0.053,0.146,0.671
06065,0.026,0.014,0.041,0.116,0.803
06067,0.025,0.028,0.062,0.164,0.722
06069,0.018,0.004,0.063,0.175,0.739
06071,0.027,0.022,0.048,0.134,0.768
06073,0.017,0.023,0.034,0.126,0.8
06075,0.017,0.011,0.035,0.121,0.817
06077,0.054,0.019,0.081,0.165,0.68
06079,0.025,0.024,0.037,0.169,0.745
06081,0.016,0.013,0.058,0.126,0.786
06083,0.015,0.02,0.075,0.153,0.737
06085,0.015,0.014,0.04,0.168,0.764
06087,0.008,0,0.086,0.109,0.797
06089,0.095,0.056,0.071,0.232,0.547
06091,0.14,0.053,0.047,0.143,0.617
06093,0.132,0.074,0.082,0.167,0.546
06095,0.043,0.046,0.035,0.148,0.728
06097,0.022,0.012,0.022,0.149,0.795
06099,0.032,0.028,0.062,0.173,0.705
06101,0.058,0.031,0.08,0.163,0.669
06103,0.057,0.062,0.141,0.195,0.545
06105,0.081,0.07,0.055,0.201,0.592
06107,0.025,0.039,0.115,0.136,0.685
06109,0.008,0.043,0.084,0.212,0.653
06111,0.024,0.011,0.033,0.156,0.777
06113,0.007,0.005,0.04,0.156,0.791
06115,0.057,0.035,0.071,0.167,0.669
08001,0.032,0.027,0.071,0.185,0.685
08003,0.052,0.133,0.094,0.228,0.493
08005,0.013,0.026,0.065,0.193,0.703
08007,0.041,0.041,0.155,0.276,0.488
08009,0.113,0.053,0.194,0.206,0.435
08011,0.033,0.036,0.172,0.191,0.567
08013,0.008,0.015,0.032,0.195,0.75
08014,0.018,0.005,0.042,0.201,0.734
08015,0.038,0.045,0.134,0.138,0.645
08017,0.016,0.187,0.106,0.398,0.292
08019,0.002,0.015,0.138,0.123,0.723
08021,0.06,0.106,0.093,0.195,0.545
08023,0.034,0.072,0.076,0.175,0.644
08025,0.002,0.034,0.08,0.294,0.59
08027,0.017,0.098,0.153,0.234,0.498
08029,0.087,0.094,0.074,0.295,0.45
08031,0.02,0.018,0.062,0.194,0.707
08033,0.052,0.039,0.066,0.252,0.591
08035,0.013,0.041,0.081,0.192,0.673
08037,0.008,0.003,0.033,0.269,0.687
08039,0.016,0.044,0.19,0.246,0.505
08041,0.031,0.089,0.081,0.196,0.603
08043,0.006,0.069,0.062,0.2,0.663
08045,0.065,0.04,0.037,0.326,0.532
08047,0.001,0.027,0.017,0.17,0.785
08049,0.006,0.002,0.05,0.187,0.754
08051,0.057,0.039,0.043,0.281,0.581
08053,0.043,0.05,0.117,0.271,0.519
08055,0.028,0.051,0.051,0.275,0.595
08057,0.021,0.027,0.09,0.342,0.52
08059,0.028,0.031,0.075,0.194,0.673
08061,0.028,0.051,0.159,0.27,0.492
08063,0.024,0.323,0.119,0.344,0.19
08065,0.002,0.016,0.036,0.193,0.753
08067,0.043,0.02,0.122,0.274,0.541
08069,0.013,0.037,0.06,0.231,0.659
08071,0.052,0.03,0.101,0.17,0.648
08073,0.013,0.068,0.196,0.403,0.321
08075,0.078,0.202,0.101,0.368,0.251
08077,0.075,0.105,0.098,0.222,0.499
08079,0.049,0.072,0.138,0.264,0.478
08081,0.041,0.142,0.162,0.284,0.371
08083,0.057,0.019,0.081,0.257,0.586
08085,0.085,0.092,0.074,0.314,0.436
08087,0.083,0.161,0.116,0.245,0.396
08089,0.004,0.047,0.102,0.194,0.653
08091,0.06,0.08,0.069,0.295,0.495
08093,0.021,0.018,0.103,0.137,0.722
08095,0.05,0.19,0.137,0.255,0.368
08097,0.019,0.014,0.016,0.318,0.633
08099,0.079,0.046,0.205,0.201,0.469
08101,0.018,0.044,0.074,0.28,0.584
08103,0.111,0.092,0.074,0.265,0.458
08105,0.061,0.144,0.11,0.242,0.444
08107,0.008,0.036,0.092,0.375,0.489
08109,0.065,0.122,0.138,0.232,0.443
08111,0.032,0.038,0.097,0.27,0.563
08113,0.043,0.058,0.074,0.26,0.565
08115,0.065,0.162,0.138,0.267,0.368
08117,0,0.001,0.064,0.151,0.784
08119,0.105,0.087,0.066,0.145,0.597
08121,0.077,0.208,0.101,0.303,0.31
08123,0.046,0.038,0.135,0.231,0.55
08125,0.038,0.284,0.133,0.255,0.29
09001,0.027,0.019,0.06,0.114,0.78
09003,0.015,0.023,0.065,0.13,0.767
09005,0.017,0.051,0.021,0.098,0.812
09007,0.003,0.007,0.055,0.128,0.807
09009,0.023,0.014,0.053,0.115,0.795
09011,0.025,0.021,0.066,0.142,0.747
09013,0.008,0.008,0.027,0.147,0.81
09015,0.022,0.041,0.082,0.137,0.718
10001,0.026,0.006,0.106,0.051,0.811
10003,0.027,0.013,0.041,0.133,0.786
10005,0.005,0.001,0.035,0.103,0.856
11001,0.012,0.013,0.069,0.164,0.743
12001,0.001,0.024,0.053,0.17,0.751
12003,0.087,0.076,0.18,0.215,0.442
12005,0.065,0.109,0.076,0.202,0.548
12007,0.106,0.168,0.172,0.173,0.381
12009,0.068,0.073,0.096,0.157,0.607
12011,0.026,0.023,0.043,0.117,0.791
12013,0.034,0.055,0.138,0.267,0.507
12015,0.051,0.049,0.101,0.158,0.64
12017,0.09,0.036,0.087,0.178,0.609
12019,0.055,0.067,0.15,0.209,0.52
12021,0.04,0.023,0.067,0.212,0.658
12023,0.047,0.026,0.288,0.254,0.385
12027,0.023,0.064,0.056,0.142,0.715
12029,0.071,0.095,0.119,0.318,0.397
12031,0.049,0.042,0.086,0.194,0.629
12033,0.019,0.052,0.095,0.31,0.524
12035,0.079,0.05,0.113,0.157,0.602
12037,0.022,0.101,0.237,0.228,0.412
12039,0.06,0.033,0.104,0.227,0.575
12041,0.016,0.151,0.069,0.324,0.44
12043,0.047,0.082,0.098,0.096,0.677
12045,0.046,0.125,0.12,0.249,0.46
12047,0.101,0.071,0.235,0.227,0.365
12049,0.114,0.041,0.179,0.186,0.48
12051,0.046,0.042,0.112,0.15,0.65
12053,0.09,0.04,0.091,0.19,0.589
12055,0.025,0.056,0.145,0.138,0.635
12057,0.023,0.031,0.069,0.155,0.722
12059,0.17,0.077,0.081,0.111,0.562
12061,0.054,0.065,0.082,0.193,0.607
12063,0.064,0.108,0.129,0.174,0.526
12065,0.019,0.017,0.099,0.183,0.682
12067,0.102,0.081,0.22,0.208,0.389
12069,0.047,0.062,0.074,0.185,0.632
12071,0.052,0.05,0.073,0.176,0.648
12073,0.051,0.022,0.071,0.156,0.7
12075,0.017,0.132,0.072,0.187,0.592
12077,0.022,0.023,0.205,0.268,0.482
12079,0.164,0.085,0.148,0.264,0.34
12081,0.074,0.037,0.062,0.201,0.626
12083,0.046,0.087,0.121,0.203,0.543
12085,0.027,0.018,0.066,0.169,0.719
12086,0.032,0.023,0.06,0.128,0.756
12087,0.007,0.001,0.014,0.159,0.819
12089,0.09,0.07,0.147,0.223,0.47
12091,0.091,0.083,0.147,0.21,0.469
12093,0.016,0.034,0.064,0.171,0.715
12095,0.02,0.02,0.072,0.164,0.724
12097,0.025,0.022,0.058,0.176,0.72
12099,0.03,0.02,0.05,0.116,0.784
12101,0.027,0.029,0.055,0.179,0.709
12103,0.025,0.019,0.074,0.133,0.75
12105,0.05,0.063,0.085,0.172,0.63
12107,0.068,0.05,0.114,0.186,0.581
12109,0.047,0.071,0.097,0.223,0.561
12111,0.077,0.022,0.08,0.173,0.648
12113,0.047,0.068,0.166,0.265,0.453
12115,0.017,0.031,0.073,0.175,0.704
12117,0.037,0.039,0.066,0.141,0.717
12119,0.037,0.036,0.064,0.235,0.628
12121,0.105,0.055,0.244,0.227,0.369
12123,0.103,0.086,0.19,0.145,0.476
12125,0.044,0.04,0.176,0.267,0.473
12127,0.035,0.066,0.089,0.192,0.618
12129,0.032,0.092,0.172,0.275,0.429
12131,0.092,0.06,0.092,0.244,0.512
12133,0.138,0.085,0.062,0.158,0.557
13001,0.085,0.117,0.23,0.152,0.416
13003,0.059,0.1,0.179,0.217,0.445
13005,0.071,0.132,0.187,0.188,0.421
13007,0.027,0.048,0.054,0.127,0.743
13009,0.02,0.089,0.107,0.29,0.494
13011,0.136,0.103,0.125,0.238,0.399
13013,0.063,0.086,0.092,0.19,0.568
13015,0.215,0.05,0.123,0.143,0.47
13017,0.129,0.078,0.109,0.202,0.483
13019,0.073,0.098,0.156,0.214,0.46
13021,0.043,0.094,0.176,0.201,0.487
13023,0.089,0.031,0.117,0.256,0.508
13025,0.047,0.129,0.15,0.164,0.51
13027,0.092,0.165,0.124,0.235,0.385
13029,0.033,0.039,0.095,0.238,0.595
13031,0.053,0.049,0.163,0.31,0.424
13033,0.105,0.109,0.087,0.208,0.492
13035,0.125,0.037,0.144,0.163,0.53
13037,0.013,0.035,0.043,0.172,0.737
13039,0.136,0.125,0.17,0.113,0.456
13043,0.037,0.045,0.177,0.264,0.477
13045,0.089,0.133,0.154,0.168,0.457
13047,0.143,0.152,0.114,0.217,0.375
13049,0.065,0.094,0.15,0.196,0.495
13051,0.035,0.04,0.144,0.158,0.624
13053,0.061,0.072,0.108,0.214,0.545
13055,0.116,0.102,0.187,0.143,0.451
13057,0.049,0.054,0.1,0.213,0.584
13059,0.054,0.057,0.06,0.226,0.603
13061,0.028,0.066,0.12,0.223,0.562
13063,0.038,0.054,0.125,0.159,0.624
13065,0.06,0.058,0.134,0.168,0.58
13067,0.039,0.049,0.116,0.225,0.572
13069,0.085,0.124,0.164,0.222,0.404
13071,0.108,0.191,0.074,0.233,0.394
13073,0.061,0.064,0.095,0.234,0.547
13075,0.098,0.134,0.123,0.203,0.441
13077,0.105,0.053,0.183,0.204,0.455
13079,0.057,0.051,0.231,0.192,0.468
13081,0.119,0.023,0.06,0.163,0.635
13083,0.128,0.222,0.13,0.249,0.27
13085,0.049,0.09,0.128,0.162,0.571
13087,0.093,0.04,0.171,0.18,0.516
13089,0.036,0.028,0.075,0.156,0.704
13091,0.145,0.025,0.15,0.236,0.443
13093,0.077,0.034,0.058,0.204,0.627
13095,0.033,0.037,0.045,0.159,0.726
13097,0.083,0.037,0.09,0.198,0.591
13099,0.045,0.062,0.156,0.253,0.485
13101,0.097,0.073,0.182,0.202,0.446
13103,0.044,0.064,0.145,0.272,0.475
13105,0.132,0.177,0.081,0.107,0.503
13107,0.062,0.044,0.142,0.252,0.5
13109,0.03,0.078,0.229,0.29,0.372
13111,0.075,0.088,0.125,0.112,0.6
13113,0.06,0.086,0.131,0.218,0.505
13115,0.186,0.036,0.234,0.148,0.395
13117,0.035,0.048,0.083,0.193,0.641
13119,0.168,0.074,0.117,0.215,0.425
13121,0.026,0.036,0.089,0.187,0.662
13123,0.128,0.042,0.087,0.198,0.545
13125,0.156,0.066,0.107,0.13,0.541
13127,0.048,0.071,0.145,0.251,0.485
13129,0.172,0.1,0.201,0.157,0.369
13131,0.063,0.139,0.116,0.264,0.417
13133,0.062,0.046,0.057,0.176,0.658
13135,0.036,0.054,0.081,0.19,0.639
13137,0.063,0.1,0.116,0.292,0.43
13139,0.061,0.069,0.128,0.198,0.545
13141,0.043,0.111,0.102,0.168,0.575
13143,0.184,0.123,0.165,0.184,0.345
13145,0.093,0.081,0.061,0.213,0.551
13147,0.092,0.061,0.14,0.207,0.5
13149,0.126,0.094,0.166,0.144,0.471
13151,0.103,0.048,0.091,0.181,0.578
13153,0.032,0.079,0.136,0.172,0.581
13155,0.098,0.091,0.126,0.224,0.46
13157,0.125,0.085,0.117,0.24,0.434
13159,0.082,0.059,0.181,0.118,0.56
13161,0.124,0.138,0.165,0.183,0.39
13163,0.251,0.055,0.099,0.102,0.493
13165,0.114,0.053,0.084,0.261,0.488
13167,0.119,0.053,0.109,0.251,0.468
13169,0.049,0.087,0.226,0.209,0.43
13171,0.07,0.06,0.171,0.293,0.406
13173,0.102,0.07,0.145,0.181,0.502
13175,0.122,0.056,0.141,0.291,0.391
13177,0.035,0.033,0.039,0.162,0.732
13179,0.007,0.099,0.066,0.215,0.614
13181,0.073,0.104,0.111,0.233,0.479
13183,0.014,0.119,0.086,0.159,0.621
13185,0.108,0.101,0.149,0.208,0.435
13187,0.035,0.086,0.13,0.245,0.504
13189,0.072,0.053,0.123,0.265,0.488
13191,0.034,0.076,0.188,0.221,0.481
13193,0.078,0.049,0.113,0.21,0.55
13195,0.165,0.084,0.055,0.186,0.511
13197,0.084,0.12,0.167,0.196,0.433
13199,0.109,0.086,0.138,0.15,0.517
13201,0.064,0.056,0.182,0.159,0.539
13205,0.044,0.112,0.055,0.159,0.63
13207,0.072,0.035,0.184,0.253,0.455
13209,0.114,0.083,0.174,0.228,0.401
13211,0.061,0.064,0.093,0.168,0.614
13213,0.193,0.03,0.182,0.177,0.417
13215,0.063,0.073,0.083,0.225,0.555
13217,0.094,0.076,0.123,0.207,0.5
13219,0.049,0.063,0.095,0.181,0.611
13221,0.056,0.082,0.054,0.181,0.627
13223,0.097,0.068,0.108,0.233,0.494
13225,0.027,0.074,0.172,0.16,0.567
13227,0.038,0.118,0.101,0.188,0.555
13229,0.05,0.143,0.127,0.157,0.522
13231,0.059,0.06,0.147,0.192,0.542
13233,0.106,0.071,0.192,0.145,0.485
13235,0.079,0.031,0.098,0.218,0.575
13237,0.059,0.093,0.118,0.214,0.516
13239,0.053,0.15,0.095,0.163,0.538
13241,0.1,0.083,0.124,0.229,0.464
13243,0.016,0.065,0.05,0.2,0.669
13245,0.068,0.059,0.114,0.18,0.578
13247,0.058,0.078,0.115,0.216,0.534
13249,0.07,0.102,0.117,0.214,0.497
13251,0.198,0.069,0.081,0.242,0.41
13253,0.073,0.079,0.202,0.135,0.51
13255,0.072,0.038,0.179,0.202,0.509
13257,0.087,0.116,0.116,0.31,0.37
13259,0.055,0.092,0.133,0.203,0.517
13261,0.055,0.056,0.046,0.202,0.641
13263,0.168,0.08,0.089,0.171,0.492
13265,0.065,0.048,0.086,0.158,0.644
13267,0.051,0.076,0.214,0.224,0.434
13269,0.126,0.069,0.182,0.201,0.422
13271,0.156,0.075,0.134,0.208,0.427
13273,0.019,0.029,0.03,0.167,0.755
13275,0.026,0.096,0.12,0.228,0.53
13277,0.066,0.088,0.122,0.227,0.496
13279,0.097,0.069,0.179,0.226,0.429
13281,0.076,0.096,0.098,0.199,0.531
13283,0.096,0.07,0.168,0.267,0.399
13285,0.175,0.031,0.119,0.178,0.497
13287,0.141,0.042,0.094,0.175,0.547
13289,0.04,0.077,0.188,0.148,0.547
13291,0.065,0.119,0.087,0.168,0.56
13293,0.16,0.1,0.114,0.206,0.421
13295,0.144,0.164,0.117,0.21,0.366
13297,0.106,0.127,0.184,0.141,0.442
13299,0.061,0.108,0.109,0.166,0.556
13301,0.095,0.065,0.14,0.226,0.474
13303,0.104,0.07,0.053,0.157,0.617
13305,0.029,0.139,0.143,0.139,0.55
13307,0.019,0.064,0.103,0.21,0.603
13309,0.135,0.078,0.162,0.23,0.395
13311,0.057,0.064,0.099,0.347,0.433
13313,0.185,0.068,0.203,0.142,0.403
13315,0.173,0.017,0.083,0.157,0.569
13317,0.08,0.086,0.114,0.172,0.548
13319,0.039,0.062,0.141,0.224,0.534
13321,0.069,0.056,0.083,0.187,0.605
15001,0.01,0.032,0.037,0.122,0.799
15003,0.011,0.012,0.027,0.151,0.798
15005,0.026,0.013,0.032,0.08,0.85
15007,0,0.021,0.046,0.108,0.825
15009,0.034,0.016,0.025,0.122,0.803
16001,0.118,0.078,0.084,0.194,0.526
16003,0.094,0.216,0.218,0.218,0.254
16005,0.084,0.193,0.176,0.195,0.352
16007,0.151,0.12,0.102,0.243,0.385
16009,0.038,0.059,0.15,0.152,0.601
16011,0.095,0.197,0.175,0.229,0.304
16013,0.155,0.107,0.102,0.13,0.506
16015,0.057,0.038,0.038,0.549,0.318
16017,0.088,0.116,0.119,0.241,0.436
16019,0.096,0.202,0.188,0.247,0.268
16021,0.045,0.171,0.061,0.185,0.537
16023,0.107,0.213,0.159,0.222,0.298
16025,0.186,0.03,0.047,0.098,0.639
16027,0.113,0.095,0.17,0.24,0.381
16029,0.1,0.181,0.191,0.202,0.326
16031,0.134,0.223,0.102,0.149,0.392
16033,0.119,0.228,0.196,0.239,0.218
16035,0.037,0.112,0.127,0.25,0.475
16037,0.069,0.029,0.199,0.244,0.458
16039,0.206,0.044,0.038,0.173,0.539
16041,0.131,0.118,0.085,0.256,0.41
16043,0.111,0.206,0.202,0.247,0.233
16045,0.119,0.136,0.111,0.198,0.436
16047,0.211,0.202,0.089,0.153,0.345
16049,0.045,0.094,0.164,0.275,0.423
16051,0.099,0.208,0.192,0.249,0.252
16053,0.175,0.219,0.096,0.167,0.343
16055,0.146,0.105,0.17,0.22,0.359
16057,0.002,0.012,0.066,0.328,0.592
16059,0.109,0.173,0.231,0.125,0.362
16061,0.027,0.073,0.157,0.285,0.459
16063,0.18,0.2,0.105,0.135,0.379
16065,0.101,0.207,0.196,0.25,0.245
16067,0.134,0.219,0.106,0.152,0.39
16069,0.009,0.03,0.117,0.326,0.517
16071,0.083,0.173,0.153,0.185,0.406
16073,0.123,0.137,0.146,0.171,0.423
16075,0.081,0.199,0.174,0.242,0.304
16077,0.078,0.205,0.152,0.185,0.381
16079,0.068,0.144,0.299,0.147,0.342
16081,0.099,0.189,0.19,0.25,0.272
16083,0.166,0.222,0.101,0.177,0.335
16085,0.041,0.118,0.102,0.378,0.361
16087,0.136,0.13,0.324,0.172,0.239
17001,0.18,0.092,0.189,0.19,0.35
17003,0.11,0.082,0.148,0.262,0.398
17005,0.07,0.055,0.108,0.218,0.549
17007,0.025,0.006,0.065,0.244,0.66
17009,0.18,0.099,0.136,0.2,0.385
17011,0.012,0.019,0.156,0.208,0.605
17013,0.082,0.06,0.219,0.366,0.273
17015,0.03,0.064,0.12,0.19,0.596
17017,0.103,0.08,0.19,0.187,0.441
17019,0,0.067,0.08,0.192,0.661
17021,0.059,0.057,0.091,0.19,0.603
17023,0.127,0.089,0.107,0.226,0.451
17025,0.062,0.115,0.145,0.306,0.372
17027,0.102,0.063,0.083,0.166,0.587
17029,0.112,0.055,0.201,0.221,0.411
17031,0.023,0.021,0.072,0.162,0.722
17033,0.146,0.196,0.047,0.219,0.392
17035,0.095,0.075,0.194,0.212,0.424
17037,0.007,0.012,0.034,0.191,0.756
17039,0.035,0.106,0.073,0.28,0.507
17041,0.048,0.061,0.105,0.191,0.594
17043,0.01,0.01,0.056,0.163,0.76
17045,0.174,0.09,0.131,0.208,0.398
17047,0.086,0.148,0.233,0.306,0.228
17049,0.072,0.072,0.214,0.232,0.41
17051,0.069,0.076,0.156,0.229,0.47
17053,0.011,0.082,0.167,0.172,0.567
17055,0.099,0.166,0.119,0.211,0.405
17057,0.016,0.03,0.311,0.199,0.444
17059,0.201,0.06,0.128,0.238,0.373
17061,0.136,0.029,0.109,0.217,0.508
17063,0.056,0.056,0.105,0.183,0.599
17065,0.138,0.179,0.1,0.21,0.373
17067,0.147,0.154,0.125,0.163,0.411
17069,0.163,0.072,0.235,0.191,0.34
17071,0.096,0.044,0.101,0.155,0.604
17073,0.067,0.072,0.061,0.203,0.597
17075,0.097,0.168,0.069,0.242,0.424
17077,0.066,0.078,0.151,0.209,0.496
17079,0.099,0.135,0.131,0.254,0.38
17081,0.122,0.126,0.08,0.279,0.393
17083,0.074,0.079,0.124,0.185,0.537
17085,0.034,0.104,0.22,0.178,0.465
17087,0.124,0.05,0.189,0.141,0.496
17089,0.013,0.026,0.048,0.165,0.748
17091,0.044,0.084,0.096,0.249,0.527
17093,0.001,0.009,0.065,0.136,0.788
17095,0.035,0.031,0.194,0.246,0.494
17097,0.02,0.018,0.046,0.146,0.769
17099,0.018,0.046,0.113,0.267,0.556
17101,0.197,0.157,0.105,0.281,0.26
17103,0.013,0.054,0.058,0.224,0.65
17105,0.03,0.147,0.08,0.234,0.51
17107,0.046,0.045,0.23,0.128,0.551
17109,0.041,0.091,0.097,0.182,0.59
17111,0.03,0.012,0.066,0.176,0.716
17113,0.085,0.062,0.091,0.201,0.561
17115,0.016,0.062,0.088,0.286,0.549
17117,0.015,0.05,0.147,0.227,0.561
17119,0.035,0.045,0.083,0.189,0.648
17121,0.1,0.093,0.101,0.302,0.404
17123,0.048,0.083,0.133,0.198,0.538
17125,0.238,0.031,0.292,0.126,0.313
17127,0.097,0.043,0.232,0.256,0.373
17129,0.102,0.047,0.138,0.172,0.54
17131,0.039,0.066,0.11,0.215,0.571
17133,0.003,0.04,0.112,0.174,0.67
17135,0.018,0.05,0.091,0.316,0.525
17137,0.05,0.062,0.177,0.178,0.533
17139,0.081,0.073,0.213,0.243,0.39
17141,0.053,0.045,0.129,0.184,0.589
17143,0.039,0.036,0.096,0.251,0.577
17145,0.055,0.092,0.104,0.358,0.392
17147,0.003,0.052,0.06,0.198,0.688
17149,0.138,0.079,0.218,0.205,0.36
17151,0.104,0.054,0.213,0.214,0.415
17153,0.117,0.064,0.189,0.225,0.405
17155,0.021,0.025,0.168,0.251,0.535
17157,0.008,0.032,0.117,0.391,0.452
17159,0.111,0.151,0.107,0.3,0.331
17161,0.078,0.025,0.066,0.235,0.596
17163,0.032,0.027,0.037,0.138,0.767
17165,0.117,0.106,0.111,0.204,0.462
17167,0.017,0.03,0.155,0.233,0.564
17169,0.132,0.1,0.152,0.198,0.417
17171,0.113,0.057,0.148,0.162,0.52
17173,0.07,0.047,0.168,0.245,0.469
17175,0.013,0.101,0.058,0.155,0.672
17177,0.036,0.059,0.041,0.222,0.644
17179,0.044,0.04,0.141,0.215,0.56
17181,0.1,0.078,0.162,0.195,0.466
17183,0.023,0.119,0.088,0.266,0.504
17185,0.078,0.113,0.271,0.325,0.212
17187,0.042,0.02,0.141,0.276,0.522
17189,0.118,0.046,0.053,0.327,0.456
17191,0.086,0.142,0.128,0.3,0.345
17193,0.19,0.144,0.095,0.239,0.332
17195,0.025,0.066,0.042,0.218,0.649
17197,0.041,0.024,0.062,0.134,0.739
17199,0.095,0.122,0.136,0.183,0.464
17201,0.031,0.03,0.089,0.193,0.657
17203,0.062,0.067,0.112,0.242,0.517
18001,0.136,0.047,0.16,0.348,0.309
18003,0.07,0.14,0.099,0.228,0.464
18005,0.138,0.084,0.085,0.286,0.406
18007,0.082,0.126,0.112,0.183,0.496
18009,0.093,0.152,0.106,0.203,0.447
18011,0.052,0.085,0.142,0.308,0.413
18013,0.055,0.061,0.041,0.184,0.66
18015,0.059,0.104,0.17,0.22,0.447
18017,0.037,0.192,0.283,0.206,0.283
18019,0.068,0.06,0.141,0.228,0.501
18021,0.122,0.073,0.112,0.226,0.466
18023,0.088,0.033,0.132,0.285,0.462
18025,0.067,0.089,0.118,0.261,0.465
18027,0.049,0.061,0.13,0.214,0.546
18029,0.083,0.1,0.168,0.277,0.371
18031,0.175,0.083,0.101,0.204,0.437
18033,0.109,0.074,0.118,0.149,0.55
18035,0.095,0.109,0.124,0.197,0.475
18037,0.01,0.105,0.086,0.25,0.55
18039,0.03,0.097,0.094,0.252,0.528
18041,0.161,0.041,0.048,0.237,0.514
18043,0.053,0.086,0.154,0.233,0.474
18045,0.077,0.089,0.147,0.212,0.474
18047,0.07,0.082,0.104,0.199,0.545
18049,0.142,0.114,0.128,0.217,0.399
18051,0.09,0.1,0.204,0.255,0.351
18053,0.053,0.108,0.133,0.311,0.393
18055,0.099,0.027,0.081,0.235,0.558
18057,0.07,0.051,0.049,0.234,0.596
18059,0.068,0.04,0.166,0.306,0.42
18061,0.094,0.084,0.205,0.258,0.359
18063,0.054,0.052,0.113,0.257,0.523
18065,0.183,0.148,0.125,0.111,0.434
18067,0.008,0.083,0.183,0.301,0.426
18069,0.15,0.182,0.053,0.199,0.416
18071,0.097,0.098,0.105,0.388,0.312
18073,0.186,0.1,0.065,0.328,0.321
18075,0.141,0.139,0.157,0.235,0.328
18077,0.083,0.219,0.218,0.225,0.255
18079,0.095,0.105,0.172,0.308,0.319
18081,0.057,0.094,0.1,0.192,0.557
18083,0.158,0.125,0.121,0.259,0.338
18085,0.073,0.147,0.089,0.195,0.496
18087,0.059,0.082,0.171,0.236,0.452
18089,0.043,0.057,0.088,0.219,0.592
18091,0.084,0.075,0.168,0.206,0.466
18093,0.092,0.117,0.109,0.191,0.491
18095,0.062,0.084,0.15,0.145,0.559
18097,0.051,0.053,0.116,0.232,0.548
18099,0.12,0.103,0.159,0.229,0.389
18101,0.041,0.064,0.123,0.223,0.55
18103,0.054,0.125,0.253,0.226,0.343
18105,0.037,0.037,0.094,0.242,0.591
18107,0.07,0.116,0.168,0.156,0.49
18109,0.06,0.131,0.136,0.188,0.485
18111,0.102,0.153,0.092,0.338,0.316
18113,0.057,0.11,0.135,0.197,0.5
18115,0.06,0.078,0.18,0.223,0.459
18117,0.096,0.086,0.073,0.315,0.43
18119,0.094,0.038,0.087,0.282,0.5
18121,0.116,0.111,0.174,0.195,0.405
18123,0.01,0.109,0.087,0.252,0.542
18125,0.052,0.089,0.163,0.2,0.495
18127,0.05,0.1,0.108,0.231,0.512
18129,0.132,0.056,0.115,0.226,0.472
18131,0.135,0.219,0.171,0.253,0.223
18133,0.075,0.162,0.204,0.194,0.366
18135,0.128,0.13,0.228,0.179,0.336
18137,0.054,0.074,0.15,0.294,0.429
18139,0.133,0.118,0.063,0.279,0.408
18141,0.031,0.04,0.102,0.228,0.598
18143,0.036,0.073,0.168,0.263,0.46
18145,0.16,0.057,0.177,0.193,0.413
18147,0.017,0.134,0.104,0.216,0.529
18149,0.177,0.151,0.088,0.219,0.365
18151,0.04,0.089,0.17,0.169,0.532
18153,0.127,0.071,0.077,0.207,0.517
18155,0.089,0.125,0.209,0.234,0.344
18157,0.093,0.083,0.102,0.204,0.518
18159,0.033,0.082,0.089,0.444,0.352
18161,0.095,0.053,0.106,0.178,0.569
18163,0.07,0.039,0.115,0.234,0.542
18165,0.113,0.105,0.134,0.223,0.426
18167,0.118,0.064,0.102,0.25,0.466
18169,0.07,0.11,0.237,0.202,0.381
18171,0.079,0.115,0.092,0.223,0.492
18173,0.045,0.038,0.117,0.252,0.548
18175,0.097,0.074,0.062,0.356,0.411
18177,0.162,0.09,0.138,0.261,0.348
18179,0.205,0.05,0.077,0.337,0.332
18181,0.056,0.177,0.194,0.189,0.384
18183,0.061,0.186,0.132,0.16,0.46
19001,0.073,0.128,0.128,0.307,0.364
19003,0.148,0.11,0.15,0.311,0.281
19005,0.138,0.049,0.132,0.212,0.469
19007,0.044,0.11,0.239,0.193,0.413
19009,0.224,0.073,0.194,0.187,0.322
19011,0.098,0.067,0.13,0.2,0.504
19013,0.032,0.053,0.18,0.289,0.447
19015,0.09,0.08,0.1,0.197,0.533
19017,0.048,0.062,0.197,0.268,0.424
19019,0.021,0.124,0.087,0.394,0.373
19021,0.183,0.062,0.26,0.207,0.288
19023,0.052,0.094,0.208,0.23,0.417
19025,0.212,0.117,0.213,0.153,0.304
19027,0.153,0.11,0.241,0.139,0.358
19029,0.341,0.07,0.124,0.238,0.227
19031,0.026,0.096,0.142,0.355,0.381
19033,0.061,0.365,0.146,0.213,0.215
19035,0.183,0.105,0.221,0.182,0.309
19037,0.075,0.136,0.197,0.236,0.356
19039,0.078,0.167,0.143,0.194,0.418
19041,0.224,0.035,0.112,0.189,0.441
19043,0.123,0.084,0.137,0.284,0.371
19045,0.092,0.13,0.079,0.269,0.43
19047,0.089,0.045,0.141,0.064,0.66
19049,0.036,0.102,0.118,0.26,0.485
19051,0.038,0.101,0.249,0.201,0.411
19053,0.248,0.132,0.258,0.068,0.294
19055,0.035,0.137,0.137,0.408,0.283
19057,0.135,0.081,0.109,0.122,0.553
19059,0.276,0.027,0.091,0.173,0.433
19061,0.037,0.155,0.189,0.189,0.43
19063,0.241,0.083,0.067,0.181,0.428
19065,0.054,0.075,0.128,0.349,0.394
19067,0.063,0.271,0.148,0.25,0.268
19069,0.088,0.278,0.187,0.186,0.261
19071,0.048,0.061,0.071,0.209,0.611
19073,0.116,0.141,0.235,0.153,0.354
19075,0.038,0.042,0.203,0.238,0.48
19077,0.162,0.073,0.143,0.283,0.34
19079,0.143,0.118,0.129,0.153,0.457
19081,0.08,0.384,0.146,0.174,0.216
19083,0.074,0.075,0.195,0.214,0.441
19085,0.118,0.044,0.094,0.178,0.565
19087,0.123,0.142,0.091,0.183,0.461
19089,0.077,0.151,0.176,0.183,0.413
19091,0.243,0.268,0.147,0.102,0.24
19093,0.153,0.094,0.246,0.128,0.38
19095,0.027,0.149,0.135,0.239,0.45
19097,0.032,0.096,0.229,0.232,0.411
19099,0.102,0.105,0.233,0.212,0.347
19101,0.074,0.116,0.221,0.191,0.398
19103,0.014,0.044,0.069,0.2,0.673
19105,0.04,0.105,0.165,0.336,0.355
19107,0.035,0.126,0.287,0.28,0.272
19109,0.135,0.318,0.101,0.173,0.272
19111,0.17,0.146,0.131,0.161,0.392
19113,0.039,0.081,0.115,0.201,0.563
19115,0.097,0.058,0.15,0.214,0.482
19117,0.032,0.204,0.196,0.185,0.384
19119,0.078,0.173,0.157,0.247,0.344
19121,0.01,0.102,0.136,0.268,0.484
19123,0.069,0.067,0.294,0.283,0.287
19125,0.053,0.049,0.209,0.26,0.429
19127,0.077,0.064,0.153,0.226,0.48
19129,0.064,0.084,0.091,0.281,0.481
19131,0.046,0.282,0.149,0.26,0.263
19133,0.078,0.069,0.087,0.127,0.64
19135,0.034,0.078,0.256,0.247,0.385
19137,0.218,0.034,0.084,0.378,0.286
19139,0.12,0.022,0.221,0.273,0.364
19141,0.173,0.054,0.267,0.187,0.319
19143,0.195,0.051,0.233,0.199,0.322
19145,0.088,0.053,0.068,0.31,0.481
19147,0.199,0.116,0.088,0.179,0.419
19149,0.125,0.145,0.166,0.162,0.402
19151,0.214,0.124,0.162,0.165,0.335
19153,0.044,0.089,0.136,0.259,0.473
19155,0.115,0.083,0.147,0.264,0.39
19157,0.121,0.145,0.187,0.164,0.383
19159,0.144,0.138,0.281,0.162,0.275
19161,0.18,0.071,0.286,0.159,0.303
19163,0.075,0.027,0.126,0.277,0.494
19165,0.099,0.059,0.182,0.145,0.516
19167,0.12,0.06,0.285,0.2,0.335
19169,0.045,0.075,0.071,0.235,0.574
19171,0.066,0.053,0.209,0.181,0.491
19173,0.09,0.151,0.185,0.282,0.292
19175,0.03,0.125,0.172,0.21,0.462
19177,0.107,0.128,0.175,0.218,0.372
19179,0.034,0.082,0.293,0.221,0.37
19181,0.055,0.182,0.181,0.245,0.337
19183,0.035,0.102,0.123,0.151,0.589
19185,0.138,0.148,0.252,0.12,0.342
19187,0.209,0.167,0.161,0.101,0.362
19189,0.07,0.329,0.176,0.197,0.228
19191,0.122,0.044,0.151,0.177,0.505
19193,0.113,0.165,0.137,0.16,0.425
19195,0.072,0.271,0.175,0.231,0.251
19197,0.172,0.299,0.173,0.125,0.232
20001,0.153,0.212,0.126,0.167,0.341
20003,0.189,0.063,0.137,0.267,0.344
20005,0.137,0.122,0.169,0.256,0.316
20007,0.069,0.147,0.118,0.329,0.336
20009,0.107,0.131,0.12,0.211,0.43
20011,0.167,0.146,0.077,0.12,0.49
20013,0.089,0.149,0.183,0.197,0.382
20015,0.053,0.133,0.122,0.222,0.47
20017,0.151,0.082,0.212,0.225,0.331
20019,0.128,0.137,0.185,0.214,0.337
20021,0.131,0.121,0.164,0.174,0.41
20023,0.065,0.27,0.174,0.235,0.256
20025,0.163,0.13,0.126,0.232,0.348
20027,0.081,0.069,0.115,0.229,0.507
20029,0.154,0.077,0.118,0.217,0.434
20031,0.085,0.119,0.165,0.404,0.227
20033,0.112,0.144,0.128,0.271,0.346
20035,0.075,0.093,0.28,0.131,0.421
20037,0.108,0.143,0.118,0.139,0.492
20039,0.163,0.118,0.211,0.235,0.273
20041,0.106,0.118,0.148,0.243,0.385
20043,0.137,0.193,0.184,0.214,0.272
20045,0.006,0.009,0.024,0.227,0.734
20047,0.052,0.086,0.135,0.221,0.506
20049,0.061,0.05,0.295,0.282,0.312
20051,0.154,0.154,0.224,0.148,0.32
20053,0.174,0.133,0.133,0.187,0.373
20055,0.166,0.089,0.163,0.239,0.343
20057,0.143,0.084,0.143,0.232,0.399
20059,0.063,0.06,0.159,0.354,0.364
20061,0.05,0.068,0.113,0.27,0.499
20063,0.24,0.089,0.234,0.151,0.287
20065,0.218,0.156,0.247,0.129,0.25
20067,0.14,0.108,0.15,0.231,0.37
20069,0.158,0.092,0.146,0.24,0.364
20071,0.135,0.131,0.181,0.229,0.323
20073,0.034,0.079,0.256,0.302,0.33
20075,0.131,0.095,0.189,0.217,0.368
20077,0.079,0.118,0.21,0.193,0.4
20079,0.075,0.058,0.121,0.323,0.423
20081,0.153,0.107,0.137,0.239,0.364
20083,0.126,0.075,0.163,0.225,0.412
20085,0.01,0.116,0.161,0.136,0.577
20087,0.026,0.069,0.09,0.182,0.634
20089,0.171,0.142,0.087,0.259,0.34
20091,0.029,0.019,0.075,0.224,0.654
20093,0.155,0.098,0.172,0.229,0.346
20095,0.081,0.212,0.114,0.128,0.464
20097,0.062,0.107,0.128,0.233,0.469
20099,0.168,0.123,0.091,0.147,0.471
20101,0.197,0.075,0.197,0.204,0.326
20103,0.087,0.135,0.092,0.142,0.544
20105,0.171,0.132,0.16,0.163,0.375
20107,0.14,0.053,0.121,0.285,0.4
20109,0.206,0.131,0.194,0.189,0.28
20111,0.113,0.111,0.133,0.3,0.344
20113,0.12,0.065,0.106,0.313,0.396
20115,0.101,0.068,0.209,0.279,0.343
20117,0.048,0.049,0.233,0.263,0.407
20119,0.164,0.123,0.115,0.235,0.362
20121,0.071,0.044,0.095,0.25,0.54
20123,0.173,0.116,0.144,0.18,0.388
20125,0.164,0.132,0.102,0.195,0.407
20127,0.11,0.094,0.148,0.244,0.404
20129,0.12,0.113,0.144,0.218,0.405
20131,0.035,0.094,0.203,0.236,0.432
20133,0.133,0.204,0.12,0.127,0.416
20135,0.15,0.083,0.199,0.198,0.371
20137,0.161,0.163,0.177,0.225,0.275
20139,0.018,0.09,0.088,0.24,0.564
20141,0.174,0.233,0.163,0.136,0.293
20143,0.131,0.117,0.164,0.191,0.396
20145,0.053,0.096,0.137,0.217,0.497
20147,0.15,0.244,0.126,0.19,0.29
20149,0.012,0.057,0.145,0.236,0.55
20151,0.02,0.183,0.101,0.309,0.387
20153,0.128,0.174,0.209,0.22,0.268
20155,0.135,0.077,0.143,0.191,0.454
20157,0.183,0.073,0.076,0.295,0.373
20159,0.153,0.086,0.11,0.241,0.41
20161,0.03,0.05,0.124,0.261,0.535
20163,0.179,0.22,0.218,0.123,0.26
20165,0.11,0.122,0.182,0.183,0.403
20167,0.16,0.174,0.174,0.157,0.335
20169,0.126,0.133,0.175,0.209,0.357
20171,0.197,0.09,0.19,0.21,0.313
20173,0.06,0.055,0.126,0.26,0.499
20175,0.138,0.14,0.092,0.226,0.403
20177,0.009,0.078,0.095,0.184,0.633
20179,0.231,0.112,0.236,0.154,0.267
20181,0.1,0.27,0.159,0.24,0.231
20183,0.142,0.257,0.088,0.195,0.319
20185,0.041,0.125,0.109,0.252,0.472
20187,0.127,0.098,0.172,0.216,0.388
20189,0.122,0.132,0.112,0.225,0.408
20191,0.104,0.039,0.115,0.298,0.444
20193,0.188,0.157,0.208,0.184,0.263
20195,0.203,0.115,0.256,0.137,0.291
20197,0.011,0.077,0.12,0.201,0.591
20199,0.128,0.21,0.154,0.246,0.262
20201,0.148,0.075,0.111,0.234,0.432
20203,0.173,0.112,0.184,0.219,0.313
20205,0.125,0.148,0.145,0.184,0.398
20207,0.092,0.175,0.171,0.247,0.314
20209,0.025,0.056,0.076,0.178,0.665
21001,0.076,0.115,0.167,0.243,0.399
21003,0.101,0.072,0.097,0.211,0.519
21005,0.062,0.01,0.044,0.483,0.401
21007,0.107,0.033,0.198,0.257,0.404
21009,0.053,0.093,0.09,0.176,0.588
21011,0.076,0.058,0.084,0.339,0.443
21013,0.146,0.094,0.12,0.199,0.44
21015,0.08,0.087,0.081,0.232,0.52
21017,0.024,0.037,0.042,0.129,0.769
21019,0.084,0.125,0.202,0.235,0.354
21021,0.092,0.037,0.112,0.161,0.598
21023,0.056,0.249,0.065,0.238,0.392
21025,0.114,0.081,0.126,0.241,0.438
21027,0.023,0.146,0.177,0.138,0.517
21029,0.037,0.091,0.156,0.181,0.535
21031,0.066,0.097,0.133,0.17,0.535
21033,0.059,0.067,0.26,0.177,0.438
21035,0.066,0.084,0.248,0.17,0.432
21037,0.073,0.085,0.134,0.278,0.43
21039,0.104,0.045,0.188,0.236,0.428
21041,0.155,0.171,0.12,0.208,0.346
21043,0.069,0.102,0.122,0.324,0.383
21045,0.164,0.076,0.161,0.154,0.444
21047,0.06,0.118,0.178,0.279,0.365
21049,0.083,0.093,0.11,0.233,0.48
21051,0.153,0.082,0.165,0.16,0.44
21053,0.096,0.115,0.248,0.165,0.375
21055,0.121,0.117,0.29,0.153,0.319
21057,0.067,0.106,0.224,0.229,0.374
21059,0.055,0.057,0.122,0.236,0.531
21061,0.055,0.057,0.086,0.179,0.624
21063,0.117,0.1,0.051,0.289,0.443
21065,0.082,0.151,0.09,0.275,0.402
21067,0.031,0.051,0.066,0.202,0.65
21069,0.068,0.069,0.075,0.287,0.502
21071,0.131,0.066,0.129,0.134,0.54
21073,0.088,0.036,0.142,0.214,0.521
21075,0.1,0.102,0.202,0.217,0.38
21077,0.076,0.048,0.198,0.211,0.466
21079,0.077,0.043,0.063,0.276,0.54
21081,0.047,0.056,0.183,0.106,0.608
21083,0.103,0.069,0.266,0.222,0.34
21085,0.043,0.042,0.134,0.154,0.627
21087,0.063,0.076,0.127,0.247,0.488
21089,0.092,0.101,0.236,0.228,0.342
21091,0.019,0.08,0.121,0.235,0.546
21093,0.057,0.062,0.106,0.217,0.558
21095,0.076,0.093,0.098,0.126,0.606
21097,0.073,0.044,0.031,0.047,0.804
21099,0.053,0.034,0.118,0.185,0.61
21101,0.072,0.061,0.136,0.229,0.501
21103,0.093,0.082,0.174,0.254,0.398
21105,0.097,0.065,0.221,0.202,0.415
21107,0.04,0.067,0.174,0.217,0.502
21109,0.183,0.068,0.092,0.235,0.421
21111,0.036,0.048,0.083,0.23,0.602
21113,0.022,0.036,0.104,0.21,0.628
21115,0.102,0.053,0.106,0.127,0.612
21117,0.052,0.056,0.146,0.245,0.5
21119,0.157,0.073,0.13,0.142,0.497
21121,0.187,0.073,0.103,0.165,0.471
21123,0.074,0.053,0.09,0.213,0.57
21125,0.201,0.047,0.083,0.152,0.517
21127,0.155,0.091,0.151,0.125,0.479
21129,0.129,0.069,0.129,0.273,0.399
21131,0.094,0.103,0.142,0.174,0.487
21133,0.078,0.05,0.127,0.122,0.624
21135,0.057,0.081,0.21,0.296,0.357
21137,0.172,0.054,0.093,0.172,0.509
21139,0.08,0.1,0.29,0.191,0.339
21141,0.099,0.1,0.08,0.198,0.523
21143,0.052,0.11,0.316,0.138,0.384
21145,0.085,0.058,0.232,0.255,0.37
21147,0.096,0.116,0.143,0.203,0.441
21149,0.081,0.105,0.107,0.249,0.459
21151,0.088,0.094,0.114,0.233,0.471
21153,0.107,0.078,0.111,0.164,0.54
21155,0.046,0.082,0.074,0.144,0.654
21157,0.061,0.083,0.28,0.18,0.395
21159,0.108,0.055,0.096,0.104,0.637
21161,0.056,0.119,0.061,0.284,0.479
21163,0.018,0.154,0.115,0.154,0.559
21165,0.161,0.088,0.067,0.215,0.468
21167,0.047,0.012,0.178,0.195,0.567
21169,0.048,0.109,0.134,0.222,0.487
21171,0.082,0.134,0.185,0.15,0.448
21173,0.03,0.041,0.085,0.392,0.452
21175,0.133,0.116,0.071,0.182,0.498
21177,0.035,0.154,0.123,0.2,0.488
21179,0.033,0.106,0.068,0.244,0.548
21181,0.023,0.025,0.09,0.271,0.591
21183,0.064,0.145,0.109,0.19,0.492
21185,0.025,0.039,0.098,0.278,0.56
21187,0.091,0.039,0.114,0.198,0.558
21189,0.121,0.058,0.157,0.282,0.382
21191,0.035,0.121,0.103,0.129,0.613
21193,0.123,0.093,0.111,0.171,0.502
21195,0.096,0.088,0.123,0.148,0.545
21197,0.112,0.099,0.102,0.232,0.455
21199,0.13,0.123,0.096,0.164,0.487
21201,0.048,0.123,0.039,0.204,0.586
21203,0.215,0.079,0.075,0.157,0.474
21205,0.159,0.097,0.047,0.231,0.467
21207,0.096,0.138,0.195,0.206,0.365
21209,0.04,0.044,0.076,0.081,0.759
21211,0.092,0.107,0.054,0.261,0.487
21213,0.137,0.066,0.162,0.208,0.426
21215,0.032,0.058,0.047,0.41,0.453
21217,0.073,0.073,0.111,0.21,0.533
21219,0.058,0.147,0.135,0.266,0.394
21221,0.066,0.053,0.131,0.152,0.597
21223,0.134,0.172,0.135,0.217,0.342
21225,0.211,0.079,0.229,0.172,0.309
21227,0.076,0.067,0.063,0.185,0.609
21229,0.035,0.066,0.116,0.221,0.562
21231,0.102,0.151,0.16,0.169,0.417
21233,0.088,0.084,0.167,0.21,0.451
21235,0.176,0.062,0.113,0.174,0.476
21237,0.14,0.095,0.114,0.203,0.448
21239,0.042,0.017,0.049,0.193,0.698
22001,0.122,0.111,0.138,0.265,0.362
22003,0.196,0.07,0.118,0.2,0.416
22005,0.049,0.092,0.142,0.148,0.569
22007,0.079,0.034,0.213,0.206,0.468
22009,0.13,0.092,0.073,0.246,0.459
22011,0.086,0.069,0.169,0.191,0.486
22013,0.078,0.052,0.17,0.291,0.409
22015,0.068,0.096,0.144,0.225,0.468
22017,0.058,0.079,0.158,0.209,0.497
22019,0.102,0.139,0.077,0.212,0.471
22021,0.102,0.061,0.098,0.241,0.498
22023,0.089,0.127,0.079,0.201,0.505
22025,0.11,0.056,0.086,0.147,0.6
22027,0.146,0.068,0.04,0.273,0.473
22029,0.11,0.104,0.112,0.095,0.579
